{
 "cells": [
  {
   "cell_type": "code",
   "execution_count": 6,
   "metadata": {},
   "outputs": [],
   "source": [
    "from sklearn.decomposition import PCA\n",
    "import torch\n",
    "import numpy as np"
   ]
  },
  {
   "cell_type": "code",
   "execution_count": 2,
   "metadata": {},
   "outputs": [
    {
     "data": {
      "text/plain": [
       "array([[-1.08293327,  1.02444022],\n",
       "       [-1.66250157, -0.88974384],\n",
       "       [ 2.74543484, -0.13469638]])"
      ]
     },
     "execution_count": 2,
     "metadata": {},
     "output_type": "execute_result"
    }
   ],
   "source": [
    "pca = PCA(n_components=2)\n",
    "cov = [\n",
    "  [1, 4, 2],\n",
    "  [1, 2, 2],\n",
    "  [5, 4, 2]\n",
    "]\n",
    "pca.fit_transform(cov)"
   ]
  },
  {
   "cell_type": "code",
   "execution_count": 3,
   "metadata": {},
   "outputs": [
    {
     "data": {
      "text/plain": [
       "tensor(-2)"
      ]
     },
     "execution_count": 3,
     "metadata": {},
     "output_type": "execute_result"
    }
   ],
   "source": [
    "a = torch.tensor([[1,2], [3,4]])\n",
    "b = torch.tensor([[4,5], [1, 2]])\n",
    "torch.sum(a-b)"
   ]
  },
  {
   "cell_type": "code",
   "execution_count": 7,
   "metadata": {},
   "outputs": [],
   "source": [
    "shrinked_cov = np.array([[ 1.9710e-01,  6.3380e-02,  3.0505e-02,  3.2087e-02,  3.1199e-02,\n",
    "         -9.9042e-04,  6.5054e-03,  1.3909e-02,  1.6806e-02,  8.4568e-04,\n",
    "         -9.2203e-03,  1.9876e-02,  6.3227e-03,  1.4531e-02,  2.1142e-02,\n",
    "          1.0193e-02,  6.1447e-03,  1.3343e-02,  7.4015e-03,  1.0930e-02,\n",
    "          4.6608e-03,  4.5706e-03, -7.8430e-04,  4.5907e-03, -2.4028e-03,\n",
    "          5.9025e-03,  5.7406e-03,  5.1474e-03,  1.8556e-04,  1.3873e-03],\n",
    "        [ 6.3380e-02,  1.0888e-01,  9.8335e-03,  1.2216e-02,  1.2261e-02,\n",
    "         -2.7588e-03,  5.7732e-03,  7.2369e-03,  1.2075e-02,  2.0131e-03,\n",
    "          1.8277e-03,  1.1381e-02,  4.8558e-03,  6.7506e-03,  1.0958e-02,\n",
    "          5.8096e-03,  3.0384e-03,  1.0169e-02,  8.4684e-03,  5.1014e-03,\n",
    "          4.4779e-03,  3.3281e-03,  1.3200e-03,  4.7502e-03, -6.6431e-04,\n",
    "          4.9392e-03,  5.3362e-03,  3.9581e-03,  2.0763e-03,  1.0806e-03],\n",
    "        [ 3.0505e-02,  9.8335e-03,  5.8805e-02,  5.4208e-03,  7.7807e-03,\n",
    "          4.9136e-03,  1.4632e-03,  5.0895e-03,  1.0140e-02,  2.1194e-03,\n",
    "          3.6936e-03,  4.5937e-03,  2.1945e-03,  4.1712e-03,  4.8707e-03,\n",
    "          4.9107e-03,  3.0715e-03,  5.3196e-03,  6.7737e-04,  2.9034e-03,\n",
    "          3.2442e-03,  1.8790e-03,  2.5636e-03,  4.0208e-03,  1.1882e-03,\n",
    "          2.9034e-03,  3.2083e-03,  3.0638e-03,  2.6014e-03,  2.9752e-03],\n",
    "        [ 3.2087e-02,  1.2216e-02,  5.4208e-03,  5.5089e-02,  5.7953e-03,\n",
    "          2.1126e-03,  3.5126e-03,  6.3726e-03,  7.7015e-03,  7.6809e-04,\n",
    "         -3.8350e-04,  6.6550e-03,  2.9548e-03,  6.0215e-03,  6.2650e-03,\n",
    "          4.2249e-03,  4.0637e-03,  4.6825e-03,  4.4193e-03,  4.4990e-03,\n",
    "          3.2529e-03,  3.3258e-03,  2.5213e-03,  2.1629e-03,  1.5860e-03,\n",
    "          3.2735e-03,  2.9467e-03,  3.4655e-03,  2.5757e-03,  2.4460e-03],\n",
    "        [ 3.1199e-02,  1.2261e-02,  7.7807e-03,  5.7953e-03,  5.0244e-02,\n",
    "          2.0313e-04,  4.1931e-03,  7.2548e-03,  6.6893e-03,  2.5048e-03,\n",
    "          1.4898e-03,  6.6537e-03,  4.2143e-03,  4.7553e-03,  6.4237e-03,\n",
    "          3.9726e-03,  1.9091e-03,  4.7562e-03,  3.6073e-03,  4.3060e-03,\n",
    "          3.0993e-03,  2.3370e-03,  2.5463e-03,  4.2213e-03,  2.4104e-03,\n",
    "          3.6011e-03,  3.0979e-03,  2.9797e-03,  2.3771e-03,  2.4950e-03],\n",
    "        [-9.9042e-04, -2.7588e-03,  4.9136e-03,  2.1126e-03,  2.0313e-04,\n",
    "          5.2774e-02,  2.7415e-03,  3.4861e-03, -2.0741e-05,  2.8939e-03,\n",
    "          4.7043e-03,  2.3998e-03,  2.9023e-03,  3.0732e-03,  2.4824e-03,\n",
    "          2.6277e-03,  2.7233e-03,  3.1020e-03,  2.7238e-03,  3.8434e-03,\n",
    "          3.5516e-03,  1.6198e-03,  2.7491e-03,  2.5251e-03,  3.5673e-03,\n",
    "          3.0243e-03,  1.9680e-03,  3.1660e-03,  3.1834e-03,  2.9005e-03],\n",
    "        [ 6.5054e-03,  5.7732e-03,  1.4632e-03,  3.5126e-03,  4.1931e-03,\n",
    "          2.7415e-03,  4.7290e-02,  1.9720e-03,  2.4336e-03,  1.8527e-03,\n",
    "          2.9290e-03,  2.5250e-03,  2.7533e-03,  3.0977e-03,  3.1735e-03,\n",
    "          3.2847e-03,  3.3637e-03,  2.1693e-03,  2.9828e-03,  2.7716e-03,\n",
    "          2.8308e-03,  2.3472e-03,  3.0377e-03,  3.4431e-03,  2.7180e-03,\n",
    "          2.2507e-03,  2.4117e-03,  2.5562e-03,  2.3194e-03,  2.7474e-03],\n",
    "        [ 1.3909e-02,  7.2369e-03,  5.0895e-03,  6.3726e-03,  7.2548e-03,\n",
    "          3.4861e-03,  1.9720e-03,  4.6728e-02,  3.0630e-03,  2.6471e-03,\n",
    "          2.9698e-03,  3.6097e-03,  3.5805e-03,  3.2483e-03,  2.6552e-03,\n",
    "          3.0426e-03,  2.2456e-03,  4.3770e-03,  2.8252e-03,  3.5762e-03,\n",
    "          3.2591e-03,  2.2800e-03,  3.2253e-03,  3.3723e-03,  2.4004e-03,\n",
    "          3.3489e-03,  2.8072e-03,  3.0700e-03,  3.1271e-03,  2.6064e-03],\n",
    "        [ 1.6806e-02,  1.2075e-02,  1.0140e-02,  7.7015e-03,  6.6893e-03,\n",
    "         -2.0741e-05,  2.4336e-03,  3.0630e-03,  5.0101e-02,  2.8590e-03,\n",
    "          2.9805e-03,  3.9706e-03,  1.9010e-03,  3.6176e-03,  4.0002e-03,\n",
    "          2.9170e-03,  2.2332e-03,  4.0094e-03,  3.0281e-03,  2.5080e-03,\n",
    "          3.1348e-03,  3.1955e-03,  2.4126e-03,  3.2262e-03,  1.8600e-03,\n",
    "          2.9773e-03,  3.0788e-03,  2.8518e-03,  2.2912e-03,  2.9250e-03],\n",
    "        [ 8.4568e-04,  2.0131e-03,  2.1194e-03,  7.6809e-04,  2.5048e-03,\n",
    "          2.8939e-03,  1.8527e-03,  2.6471e-03,  2.8590e-03,  4.5396e-02,\n",
    "          1.3061e-03,  3.4740e-03,  3.6826e-03,  3.2682e-03,  2.5793e-03,\n",
    "          2.5930e-03,  2.5930e-03,  2.0496e-03,  2.4739e-03,  3.2093e-03,\n",
    "          3.0783e-03,  3.5642e-03,  3.4720e-03,  2.3349e-03,  2.8823e-03,\n",
    "          2.3593e-03,  3.0555e-03,  2.1949e-03,  3.0826e-03,  2.9790e-03],\n",
    "        [-9.2203e-03,  1.8277e-03,  3.6936e-03, -3.8350e-04,  1.4898e-03,\n",
    "          4.7043e-03,  2.9290e-03,  2.9698e-03,  2.9805e-03,  1.3061e-03,\n",
    "          4.5043e-02,  1.5958e-03,  2.6057e-03,  2.1146e-03,  7.0857e-04,\n",
    "          2.1193e-03,  2.0273e-03,  2.5083e-03,  2.1612e-03,  2.5449e-03,\n",
    "          2.4518e-03,  2.5992e-03,  3.4236e-03,  2.6688e-03,  2.8412e-03,\n",
    "          2.8467e-03,  2.4537e-03,  2.7848e-03,  3.0527e-03,  2.6819e-03],\n",
    "        [ 1.9876e-02,  1.1381e-02,  4.5937e-03,  6.6550e-03,  6.6537e-03,\n",
    "          2.3998e-03,  2.5250e-03,  3.6097e-03,  3.9706e-03,  3.4740e-03,\n",
    "          1.5958e-03,  4.4858e-02,  3.4280e-03,  3.4978e-03,  4.4827e-03,\n",
    "          3.3768e-03,  2.6168e-03,  4.0526e-03,  3.4048e-03,  3.1022e-03,\n",
    "          2.3786e-03,  3.0182e-03,  2.7846e-03,  3.2846e-03,  2.8153e-03,\n",
    "          3.3243e-03,  2.8833e-03,  2.9417e-03,  2.9066e-03,  2.5489e-03],\n",
    "        [ 6.3227e-03,  4.8558e-03,  2.1945e-03,  2.9548e-03,  4.2143e-03,\n",
    "          2.9023e-03,  2.7533e-03,  3.5805e-03,  1.9010e-03,  3.6826e-03,\n",
    "          2.6057e-03,  3.4280e-03,  4.4035e-02,  2.9994e-03,  4.4734e-03,\n",
    "          3.0923e-03,  2.3049e-03,  3.3538e-03,  3.4409e-03,  3.4742e-03,\n",
    "          2.5494e-03,  3.3876e-03,  2.8313e-03,  2.3940e-03,  3.2530e-03,\n",
    "          2.5882e-03,  3.1570e-03,  2.9297e-03,  3.0343e-03,  2.9572e-03],\n",
    "        [ 1.4531e-02,  6.7506e-03,  4.1712e-03,  6.0215e-03,  4.7553e-03,\n",
    "          3.0732e-03,  3.0977e-03,  3.2483e-03,  3.6176e-03,  3.2682e-03,\n",
    "          2.1146e-03,  3.4978e-03,  2.9994e-03,  4.3520e-02,  3.4744e-03,\n",
    "          3.9437e-03,  3.2113e-03,  3.6360e-03,  3.5123e-03,  4.1607e-03,\n",
    "          2.8725e-03,  2.9960e-03,  2.4382e-03,  2.3351e-03,  2.2978e-03,\n",
    "          2.7713e-03,  3.2114e-03,  2.7472e-03,  2.1315e-03,  2.6526e-03],\n",
    "        [ 2.1142e-02,  1.0958e-02,  4.8707e-03,  6.2650e-03,  6.4237e-03,\n",
    "          2.4824e-03,  3.1735e-03,  2.6552e-03,  4.0002e-03,  2.5793e-03,\n",
    "          7.0857e-04,  4.4827e-03,  4.4734e-03,  3.4744e-03,  4.4313e-02,\n",
    "          3.3137e-03,  2.9874e-03,  3.6597e-03,  4.0203e-03,  4.5705e-03,\n",
    "          3.2007e-03,  2.6037e-03,  2.8891e-03,  2.5367e-03,  2.3154e-03,\n",
    "          2.8775e-03,  3.1931e-03,  3.1794e-03,  2.6372e-03,  2.4768e-03],\n",
    "        [ 1.0193e-02,  5.8096e-03,  4.9107e-03,  4.2249e-03,  3.9726e-03,\n",
    "          2.6277e-03,  3.2847e-03,  3.0426e-03,  2.9170e-03,  2.5930e-03,\n",
    "          2.1193e-03,  3.3768e-03,  3.0923e-03,  3.9437e-03,  3.3137e-03,\n",
    "          4.2464e-02,  2.9075e-03,  3.8956e-03,  2.5708e-03,  3.0588e-03,\n",
    "          2.8772e-03,  2.4154e-03,  2.6981e-03,  3.2140e-03,  2.8140e-03,\n",
    "          3.1761e-03,  2.7246e-03,  3.0590e-03,  2.9835e-03,  2.8363e-03],\n",
    "        [ 6.1447e-03,  3.0384e-03,  3.0715e-03,  4.0637e-03,  1.9091e-03,\n",
    "          2.7233e-03,  3.3637e-03,  2.2456e-03,  2.2332e-03,  2.5930e-03,\n",
    "          2.0273e-03,  2.6168e-03,  2.3049e-03,  3.2113e-03,  2.9874e-03,\n",
    "          2.9075e-03,  4.1433e-02,  2.6318e-03,  2.7405e-03,  3.2968e-03,\n",
    "          2.9791e-03,  2.9449e-03,  2.3904e-03,  2.7011e-03,  2.4364e-03,\n",
    "          2.8827e-03,  3.1023e-03,  2.9988e-03,  2.3315e-03,  2.9473e-03],\n",
    "        [ 1.3343e-02,  1.0169e-02,  5.3196e-03,  4.6825e-03,  4.7562e-03,\n",
    "          3.1020e-03,  2.1693e-03,  4.3770e-03,  4.0094e-03,  2.0496e-03,\n",
    "          2.5083e-03,  4.0526e-03,  3.3538e-03,  3.6360e-03,  3.6597e-03,\n",
    "          3.8956e-03,  2.6318e-03,  4.2429e-02,  3.4780e-03,  2.9226e-03,\n",
    "          2.8277e-03,  3.0280e-03,  2.6651e-03,  3.2326e-03,  2.2818e-03,\n",
    "          2.9146e-03,  3.0301e-03,  3.1310e-03,  2.9471e-03,  2.8753e-03],\n",
    "        [ 7.4015e-03,  8.4684e-03,  6.7737e-04,  4.4193e-03,  3.6073e-03,\n",
    "          2.7238e-03,  2.9828e-03,  2.8252e-03,  3.0281e-03,  2.4739e-03,\n",
    "          2.1612e-03,  3.4048e-03,  3.4409e-03,  3.5123e-03,  4.0203e-03,\n",
    "          2.5708e-03,  2.7405e-03,  3.4780e-03,  4.1703e-02,  3.3670e-03,\n",
    "          3.4206e-03,  2.9898e-03,  2.5984e-03,  2.4556e-03,  2.7220e-03,\n",
    "          3.1980e-03,  3.1812e-03,  2.7441e-03,  2.8952e-03,  2.4122e-03],\n",
    "        [ 1.0930e-02,  5.1014e-03,  2.9034e-03,  4.4990e-03,  4.3060e-03,\n",
    "          3.8434e-03,  2.7716e-03,  3.5762e-03,  2.5080e-03,  3.2093e-03,\n",
    "          2.5449e-03,  3.1022e-03,  3.4742e-03,  4.1607e-03,  4.5705e-03,\n",
    "          3.0588e-03,  3.2968e-03,  2.9226e-03,  3.3670e-03,  4.2301e-02,\n",
    "          3.1103e-03,  2.6032e-03,  3.0402e-03,  2.2838e-03,  2.5497e-03,\n",
    "          2.9595e-03,  2.7805e-03,  2.9044e-03,  2.4767e-03,  2.6269e-03],\n",
    "        [ 4.6608e-03,  4.4779e-03,  3.2442e-03,  3.2529e-03,  3.0993e-03,\n",
    "          3.5516e-03,  2.8308e-03,  3.2591e-03,  3.1348e-03,  3.0783e-03,\n",
    "          2.4518e-03,  2.3786e-03,  2.5494e-03,  2.8725e-03,  3.2007e-03,\n",
    "          2.8772e-03,  2.9791e-03,  2.8277e-03,  3.4206e-03,  3.1103e-03,\n",
    "          4.0658e-02,  2.5022e-03,  2.2811e-03,  2.4617e-03,  2.2441e-03,\n",
    "          2.8252e-03,  2.3441e-03,  2.9174e-03,  3.1690e-03,  2.6759e-03],\n",
    "        [ 4.5706e-03,  3.3281e-03,  1.8790e-03,  3.3258e-03,  2.3370e-03,\n",
    "          1.6198e-03,  2.3472e-03,  2.2800e-03,  3.1955e-03,  3.5642e-03,\n",
    "          2.5992e-03,  3.0182e-03,  3.3876e-03,  2.9960e-03,  2.6037e-03,\n",
    "          2.4154e-03,  2.9449e-03,  3.0280e-03,  2.9898e-03,  2.6032e-03,\n",
    "          2.5022e-03,  4.1108e-02,  2.0924e-03,  2.5299e-03,  2.8136e-03,\n",
    "          2.8202e-03,  2.6526e-03,  2.8773e-03,  2.7461e-03,  2.9465e-03],\n",
    "        [-7.8430e-04,  1.3200e-03,  2.5636e-03,  2.5213e-03,  2.5463e-03,\n",
    "          2.7491e-03,  3.0377e-03,  3.2253e-03,  2.4126e-03,  3.4720e-03,\n",
    "          3.4236e-03,  2.7846e-03,  2.8313e-03,  2.4382e-03,  2.8891e-03,\n",
    "          2.6981e-03,  2.3904e-03,  2.6651e-03,  2.5984e-03,  3.0402e-03,\n",
    "          2.2811e-03,  2.0924e-03,  4.0838e-02,  2.7333e-03,  2.9093e-03,\n",
    "          2.7451e-03,  2.8340e-03,  2.6014e-03,  3.0646e-03,  2.9329e-03],\n",
    "        [ 4.5907e-03,  4.7502e-03,  4.0208e-03,  2.1629e-03,  4.2213e-03,\n",
    "          2.5251e-03,  3.4431e-03,  3.3723e-03,  3.2262e-03,  2.3349e-03,\n",
    "          2.6688e-03,  3.2846e-03,  2.3940e-03,  2.3351e-03,  2.5367e-03,\n",
    "          3.2140e-03,  2.7011e-03,  3.2326e-03,  2.4556e-03,  2.2838e-03,\n",
    "          2.4617e-03,  2.5299e-03,  2.7333e-03,  4.1185e-02,  2.6531e-03,\n",
    "          3.2752e-03,  2.5891e-03,  2.8722e-03,  2.4877e-03,  2.4521e-03],\n",
    "        [-2.4028e-03, -6.6431e-04,  1.1882e-03,  1.5860e-03,  2.4104e-03,\n",
    "          3.5673e-03,  2.7180e-03,  2.4004e-03,  1.8600e-03,  2.8823e-03,\n",
    "          2.8412e-03,  2.8153e-03,  3.2530e-03,  2.2978e-03,  2.3154e-03,\n",
    "          2.8140e-03,  2.4364e-03,  2.2818e-03,  2.7220e-03,  2.5497e-03,\n",
    "          2.2441e-03,  2.8136e-03,  2.9093e-03,  2.6531e-03,  4.0632e-02,\n",
    "          2.7770e-03,  2.5637e-03,  2.4623e-03,  3.1465e-03,  3.0075e-03],\n",
    "        [ 5.9025e-03,  4.9392e-03,  2.9034e-03,  3.2735e-03,  3.6011e-03,\n",
    "          3.0243e-03,  2.2507e-03,  3.3489e-03,  2.9773e-03,  2.3593e-03,\n",
    "          2.8467e-03,  3.3243e-03,  2.5882e-03,  2.7713e-03,  2.8775e-03,\n",
    "          3.1761e-03,  2.8827e-03,  2.9146e-03,  3.1980e-03,  2.9595e-03,\n",
    "          2.8252e-03,  2.8202e-03,  2.7451e-03,  3.2752e-03,  2.7770e-03,\n",
    "          4.0178e-02,  2.8869e-03,  3.1005e-03,  2.6726e-03,  2.6031e-03],\n",
    "        [ 5.7406e-03,  5.3362e-03,  3.2083e-03,  2.9467e-03,  3.0979e-03,\n",
    "          1.9680e-03,  2.4117e-03,  2.8072e-03,  3.0788e-03,  3.0555e-03,\n",
    "          2.4537e-03,  2.8833e-03,  3.1570e-03,  3.2114e-03,  3.1931e-03,\n",
    "          2.7246e-03,  3.1023e-03,  3.0301e-03,  3.1812e-03,  2.7805e-03,\n",
    "          2.3441e-03,  2.6526e-03,  2.8340e-03,  2.5891e-03,  2.5637e-03,\n",
    "          2.8869e-03,  4.0366e-02,  2.7807e-03,  2.5188e-03,  2.7748e-03],\n",
    "        [ 5.1474e-03,  3.9581e-03,  3.0638e-03,  3.4655e-03,  2.9797e-03,\n",
    "          3.1660e-03,  2.5562e-03,  3.0700e-03,  2.8518e-03,  2.1949e-03,\n",
    "          2.7848e-03,  2.9417e-03,  2.9297e-03,  2.7472e-03,  3.1794e-03,\n",
    "          3.0590e-03,  2.9988e-03,  3.1310e-03,  2.7441e-03,  2.9044e-03,\n",
    "          2.9174e-03,  2.8773e-03,  2.6014e-03,  2.8722e-03,  2.4623e-03,\n",
    "          3.1005e-03,  2.7807e-03,  3.9909e-02,  3.0033e-03,  2.9810e-03],\n",
    "        [ 1.8556e-04,  2.0763e-03,  2.6014e-03,  2.5757e-03,  2.3771e-03,\n",
    "          3.1834e-03,  2.3194e-03,  3.1271e-03,  2.2912e-03,  3.0826e-03,\n",
    "          3.0527e-03,  2.9066e-03,  3.0343e-03,  2.1315e-03,  2.6372e-03,\n",
    "          2.9835e-03,  2.3315e-03,  2.9471e-03,  2.8952e-03,  2.4767e-03,\n",
    "          3.1690e-03,  2.7461e-03,  3.0646e-03,  2.4877e-03,  3.1465e-03,\n",
    "          2.6726e-03,  2.5188e-03,  3.0033e-03,  4.0076e-02,  2.9097e-03],\n",
    "        [ 1.3873e-03,  1.0806e-03,  2.9752e-03,  2.4460e-03,  2.4950e-03,\n",
    "          2.9005e-03,  2.7474e-03,  2.6064e-03,  2.9250e-03,  2.9790e-03,\n",
    "          2.6819e-03,  2.5489e-03,  2.9572e-03,  2.6526e-03,  2.4768e-03,\n",
    "          2.8363e-03,  2.9473e-03,  2.8753e-03,  2.4122e-03,  2.6269e-03,\n",
    "          2.6759e-03,  2.9465e-03,  2.9329e-03,  2.4521e-03,  3.0075e-03,\n",
    "          2.6031e-03,  2.7748e-03,  2.9810e-03,  2.9097e-03,  3.9956e-02]])\n",
    "\n",
    "sklearn_cov = np.array([[ 5.2202e-03, -6.3107e-03,  2.3592e-03, -1.0375e-03,  6.3008e-04,\n",
    "          8.7750e-04,  2.8815e-04,  1.1257e-04, -1.0906e-03, -7.3319e-05,\n",
    "         -8.0314e-04, -3.4610e-04,  2.3089e-04,  5.5836e-05,  1.7875e-05,\n",
    "         -1.4929e-04,  5.3560e-04, -3.5333e-05, -5.3241e-04,  4.9831e-04,\n",
    "         -5.0694e-05,  2.1284e-04, -2.8807e-05, -4.0803e-04, -1.0346e-04,\n",
    "         -1.9164e-04,  2.2400e-05, -1.4592e-04, -2.7943e-04, -1.0879e-04],\n",
    "        [-6.3107e-03,  1.1793e-02, -2.2857e-03, -1.3969e-03, -1.7584e-03,\n",
    "         -1.8931e-03, -3.9585e-05, -7.8714e-04,  8.2823e-04,  1.5605e-04,\n",
    "          1.4209e-03,  1.0246e-04, -7.9637e-05, -6.7202e-04, -1.7182e-04,\n",
    "          2.6031e-04, -3.4885e-04,  7.5534e-04,  5.4036e-04, -6.2736e-04,\n",
    "          1.0722e-04, -9.0797e-05,  4.1703e-05,  2.8291e-04,  2.4287e-05,\n",
    "          8.8207e-05,  5.7268e-05,  2.8158e-04,  3.2243e-04,  1.1935e-04],\n",
    "        [ 2.3592e-03, -2.2857e-03,  6.7369e-03, -1.6304e-03,  1.6915e-04,\n",
    "          9.4524e-04, -4.4411e-04,  1.7474e-04,  1.0324e-03,  1.8899e-04,\n",
    "          4.7953e-04, -4.0904e-04,  9.8289e-05, -1.5617e-04, -1.2426e-04,\n",
    "          2.3510e-04,  2.9597e-04,  1.4429e-04, -1.1362e-03, -1.7573e-04,\n",
    "         -1.9515e-05, -2.2710e-04,  5.9237e-05,  1.8256e-04, -7.7940e-05,\n",
    "         -2.6611e-04,  1.0919e-04, -2.4626e-04, -1.4843e-04,  2.3434e-04],\n",
    "        [-1.0375e-03, -1.3969e-03, -1.6304e-03,  4.3311e-03, -7.8380e-04,\n",
    "          4.0873e-04,  5.3025e-05,  6.9906e-04,  4.2826e-04, -5.4143e-04,\n",
    "         -4.3154e-04,  3.0248e-04, -3.3164e-04,  4.6552e-04, -3.3048e-05,\n",
    "          1.9308e-04,  1.5455e-05, -2.1010e-04,  3.2877e-04, -1.7587e-04,\n",
    "          1.4340e-04, -2.5559e-05, -8.5820e-05, -7.7225e-05, -6.2149e-05,\n",
    "          1.2220e-04, -2.0977e-04, -1.4490e-04, -3.1480e-05, -1.8270e-04],\n",
    "        [ 6.3008e-04, -1.7584e-03,  1.6915e-04, -7.8380e-04,  2.5155e-03,\n",
    "         -2.5299e-04,  4.7199e-04,  9.3424e-04,  3.6514e-04, -1.3857e-05,\n",
    "         -7.4933e-05,  1.1561e-04,  3.6827e-04,  1.5581e-04,  1.4003e-04,\n",
    "         -8.8867e-05, -4.2277e-04, -2.3115e-04,  1.2231e-04,  4.7958e-06,\n",
    "          1.3741e-05, -1.9226e-04, -4.2193e-06,  1.7943e-04,  2.0591e-04,\n",
    "         -3.8041e-05, -1.0937e-05, -7.4152e-05,  6.8209e-06,  3.7587e-05],\n",
    "        [ 8.7750e-04, -1.8931e-03,  9.4524e-04,  4.0873e-04, -2.5299e-04,\n",
    "          4.3487e-03,  1.2005e-04,  2.0220e-04, -1.0762e-03, -1.0439e-04,\n",
    "          2.4537e-04,  3.4510e-04,  2.5230e-04,  2.4523e-04,  2.7749e-04,\n",
    "         -1.0487e-04, -1.0595e-04,  1.2105e-04,  1.3364e-04,  2.5444e-04,\n",
    "          2.4576e-04, -2.5947e-04, -1.9541e-04, -6.5756e-06,  2.5618e-04,\n",
    "          2.6884e-05, -2.6361e-04,  1.7820e-04,  1.1572e-04,  2.7303e-06],\n",
    "        [ 2.8815e-04, -3.9585e-05, -4.4411e-04,  5.3025e-05,  4.7199e-04,\n",
    "          1.2005e-04,  2.3103e-03,  5.2305e-06, -1.6726e-04, -2.0240e-04,\n",
    "          1.3383e-04, -1.0757e-04,  1.3828e-04,  3.0842e-05, -2.2728e-04,\n",
    "          1.6627e-04,  1.3393e-04, -2.0652e-04, -8.1688e-05, -2.0549e-04,\n",
    "         -8.2734e-05,  2.0125e-06,  8.2153e-05,  4.6339e-05,  5.4566e-05,\n",
    "         -1.4040e-04, -9.4219e-05, -6.5105e-05, -1.1945e-04,  6.9303e-05],\n",
    "        [ 1.1257e-04, -7.8714e-04,  1.7474e-04,  6.9906e-04,  9.3424e-04,\n",
    "          2.0220e-04,  5.2305e-06,  2.3941e-03, -3.2241e-05,  1.1417e-04,\n",
    "          7.1840e-05, -3.6754e-04, -5.7063e-05, -7.4747e-05, -4.5782e-04,\n",
    "         -4.0205e-05, -4.9227e-05,  6.7457e-05, -1.2264e-04, -1.0249e-05,\n",
    "          1.8571e-04, -1.8462e-04,  1.3774e-04,  9.7062e-05,  3.1978e-05,\n",
    "          1.6521e-04, -9.6685e-05, -1.2410e-04,  5.6945e-05, -4.3496e-05],\n",
    "        [-1.0906e-03,  8.2823e-04,  1.0324e-03,  4.2826e-04,  3.6514e-04,\n",
    "         -1.0762e-03, -1.6726e-04, -3.2241e-05,  2.6281e-03,  1.7834e-04,\n",
    "          2.1716e-04, -1.8657e-04, -3.1585e-04, -2.1525e-05, -2.8058e-04,\n",
    "         -1.5425e-04, -4.0228e-05, -5.7736e-05, -4.8428e-05, -3.3126e-04,\n",
    "          8.0799e-05, -1.7333e-04,  6.6061e-05,  1.8156e-05, -1.4131e-04,\n",
    "         -8.4744e-05,  1.3983e-04, -7.9034e-05, -1.5080e-04,  1.3835e-04],\n",
    "        [-7.3319e-05,  1.5605e-04,  1.8899e-04, -5.4143e-04, -1.3857e-05,\n",
    "         -1.0439e-04, -2.0240e-04,  1.1417e-04,  1.7834e-04,  2.0830e-03,\n",
    "         -1.8960e-04,  2.2008e-04,  9.8880e-05, -4.8701e-05, -1.0281e-04,\n",
    "          1.9390e-05,  1.5988e-04, -2.5387e-04, -2.4519e-04,  9.2145e-05,\n",
    "         -7.3812e-05,  2.9755e-04,  3.7476e-04, -2.6113e-05, -2.3077e-05,\n",
    "         -3.2256e-05,  1.5050e-04, -1.0355e-04,  5.7888e-05, -2.5341e-05],\n",
    "        [-8.0314e-04,  1.4209e-03,  4.7953e-04, -4.3154e-04, -7.4933e-05,\n",
    "          2.4537e-04,  1.3383e-04,  7.1840e-05,  2.1716e-04, -1.8960e-04,\n",
    "          1.4950e-03,  5.1548e-05,  4.5689e-05, -1.3666e-04, -2.8012e-04,\n",
    "          8.6112e-05, -2.1213e-04, -5.8211e-05,  2.1413e-05, -3.3064e-05,\n",
    "         -3.2830e-06,  7.6858e-05,  7.8293e-05, -1.9506e-05, -3.5363e-05,\n",
    "          9.5313e-05, -9.3959e-05,  2.1150e-05,  8.3214e-05,  3.7878e-05],\n",
    "        [-3.4610e-04,  1.0246e-04, -4.0904e-04,  3.0248e-04,  1.1561e-04,\n",
    "          3.4510e-04, -1.0757e-04, -3.6754e-04, -1.8657e-04,  2.2008e-04,\n",
    "          5.1548e-05,  1.5317e-03,  7.5160e-05, -2.3319e-04, -9.8752e-05,\n",
    "         -9.5124e-05, -9.9067e-05,  1.4345e-05,  1.3007e-04, -2.8220e-04,\n",
    "         -1.6046e-04,  4.6048e-05,  2.4016e-05, -7.7589e-05,  1.8274e-04,\n",
    "         -6.4216e-05, -6.0204e-05, -2.3398e-05,  1.6880e-04, -4.1266e-05],\n",
    "        [ 2.3089e-04, -7.9637e-05,  9.8289e-05, -3.3164e-04,  3.6827e-04,\n",
    "          2.5230e-04,  1.3828e-04, -5.7063e-05, -3.1585e-04,  9.8880e-05,\n",
    "          4.5689e-05,  7.5160e-05,  1.7349e-03, -2.4094e-04,  4.9629e-04,\n",
    "          1.4605e-04, -2.2823e-04,  1.4569e-04,  1.5167e-04, -2.4480e-06,\n",
    "         -2.8132e-05,  6.6749e-05,  3.0025e-05,  4.4823e-05,  1.9151e-04,\n",
    "         -5.2779e-05,  1.0867e-04, -7.7746e-06,  7.9026e-05,  4.3799e-05],\n",
    "        [ 5.5836e-05, -6.7202e-04, -1.5617e-04,  4.6552e-04,  1.5581e-04,\n",
    "          2.4523e-04,  3.0842e-05, -7.4747e-05, -2.1525e-05, -4.8701e-05,\n",
    "         -1.3666e-04, -2.3319e-04, -2.4094e-04,  1.3561e-03, -2.9201e-04,\n",
    "          2.0607e-04, -1.1374e-04, -6.3515e-07,  1.1167e-04,  1.7053e-05,\n",
    "         -1.2376e-04,  1.6516e-06, -1.7233e-04,  2.1649e-05, -9.9415e-06,\n",
    "         -5.5897e-05,  1.0374e-04, -7.6722e-05, -1.9630e-04, -3.6379e-05],\n",
    "        [ 1.7875e-05, -1.7182e-04, -1.2426e-04, -3.3048e-05,  1.4003e-04,\n",
    "          2.7749e-04, -2.2728e-04, -4.5782e-04, -2.8058e-04, -1.0281e-04,\n",
    "         -2.8012e-04, -9.8752e-05,  4.9629e-04, -2.9201e-04,  1.1996e-03,\n",
    "         -6.0755e-05, -1.4053e-04, -1.0151e-04,  2.0950e-04,  1.9939e-04,\n",
    "          4.4857e-05, -9.5511e-05,  1.0004e-04, -2.5782e-05,  5.0781e-05,\n",
    "         -8.4989e-05, -4.2186e-05,  5.0141e-05,  1.5851e-05, -1.9026e-05],\n",
    "        [-1.4929e-04,  2.6031e-04,  2.3510e-04,  1.9308e-04, -8.8867e-05,\n",
    "         -1.0487e-04,  1.6627e-04, -4.0205e-05, -1.5425e-04,  1.9390e-05,\n",
    "          8.6112e-05, -9.5124e-05,  1.4605e-04,  2.0607e-04, -6.0755e-05,\n",
    "          1.2894e-03, -1.2926e-04,  1.7589e-04, -1.8587e-04, -5.2946e-05,\n",
    "         -1.0877e-04, -9.8030e-05,  1.0110e-04,  1.2436e-04,  1.1735e-04,\n",
    "          8.2309e-05, -7.2780e-05,  4.5067e-05,  1.4120e-04, -2.2834e-05],\n",
    "        [ 5.3560e-04, -3.4885e-04,  2.9597e-04,  1.5455e-05, -4.2277e-04,\n",
    "         -1.0595e-04,  1.3393e-04, -4.9227e-05, -4.0228e-05,  1.5988e-04,\n",
    "         -2.1213e-04, -9.9067e-05, -2.2823e-04, -1.1374e-04, -1.4053e-04,\n",
    "         -1.2926e-04,  9.8520e-04, -9.6172e-05, -1.3261e-04,  2.0810e-04,\n",
    "          9.6320e-05, -7.8641e-05,  8.7321e-05, -9.8818e-05, -1.4201e-04,\n",
    "          2.6980e-05,  6.3191e-05,  3.9237e-06, -1.8866e-04,  4.2609e-05],\n",
    "        [-3.5333e-05,  7.5534e-04,  1.4429e-04, -2.1010e-04, -2.3115e-04,\n",
    "          1.2105e-04, -2.0652e-04,  6.7457e-05, -5.7736e-05, -2.5387e-04,\n",
    "         -5.8211e-05,  1.4345e-05,  1.4569e-04, -6.3515e-07, -1.0151e-04,\n",
    "          1.7589e-04, -9.6172e-05,  1.1751e-03,  4.3630e-05, -8.3415e-05,\n",
    "         -5.1496e-05, -1.6157e-05,  3.4987e-05,  1.3752e-05, -2.3666e-05,\n",
    "         -1.1137e-04, -8.4816e-05,  5.0520e-05,  3.1084e-05,  1.5391e-05],\n",
    "        [-5.3241e-04,  5.4036e-04, -1.1362e-03,  3.2877e-04,  1.2231e-04,\n",
    "          1.3364e-04, -8.1688e-05, -1.2264e-04, -4.8428e-05, -2.4519e-04,\n",
    "          2.1413e-05,  1.3007e-04,  1.5167e-04,  1.1167e-04,  2.0950e-04,\n",
    "         -1.8587e-04, -1.3261e-04,  4.3630e-05,  9.4628e-04,  6.4594e-06,\n",
    "          1.9983e-04, -4.0221e-05, -8.2508e-05, -1.2201e-04,  7.0474e-05,\n",
    "          4.9899e-05,  5.4234e-05, -4.1319e-05,  1.3198e-04, -1.2637e-04],\n",
    "        [ 4.9831e-04, -6.2736e-04, -1.7573e-04, -1.7587e-04,  4.7958e-06,\n",
    "          2.5444e-04, -2.0549e-04, -1.0249e-05, -3.3126e-04,  9.2145e-05,\n",
    "         -3.3064e-05, -2.8220e-04, -2.4480e-06,  1.7053e-05,  1.9939e-04,\n",
    "         -5.2946e-05,  2.0810e-04, -8.3415e-05,  6.4594e-06,  1.0480e-03,\n",
    "          9.2674e-05, -9.2728e-05,  9.5695e-05, -1.4916e-04, -4.1150e-05,\n",
    "          4.4914e-05, -1.0432e-04,  1.2426e-04, -2.2397e-05, -7.9737e-05],\n",
    "        [-5.0694e-05,  1.0722e-04, -1.9515e-05,  1.4340e-04,  1.3741e-05,\n",
    "          2.4576e-04, -8.2734e-05,  1.8571e-04,  8.0799e-05, -7.3812e-05,\n",
    "         -3.2830e-06, -1.6046e-04, -2.8132e-05, -1.2376e-04,  4.4857e-05,\n",
    "         -1.0877e-04,  9.6320e-05, -5.1496e-05,  1.9983e-04,  9.2674e-05,\n",
    "          6.9890e-04, -1.9119e-04, -1.3350e-04, -1.9886e-04, -1.0698e-04,\n",
    "          1.5196e-06, -1.9600e-04, -2.1530e-05,  1.6246e-04,  3.7523e-06],\n",
    "        [ 2.1284e-04, -9.0797e-05, -2.2710e-04, -2.5559e-05, -1.9226e-04,\n",
    "         -2.5947e-04,  2.0125e-06, -1.8462e-04, -1.7333e-04,  2.9755e-04,\n",
    "          7.6858e-05,  4.6048e-05,  6.6749e-05,  1.6516e-06, -9.5511e-05,\n",
    "         -9.8030e-05, -7.8641e-05, -1.6157e-05, -4.0221e-05, -9.2728e-05,\n",
    "         -1.9119e-04,  8.2280e-04, -1.8079e-04,  2.6083e-05,  6.8037e-06,\n",
    "         -2.7471e-06, -1.1697e-04, -4.4276e-05, -2.2798e-05, -3.4303e-05],\n",
    "        [-2.8807e-05,  4.1703e-05,  5.9237e-05, -8.5820e-05, -4.2193e-06,\n",
    "         -1.9541e-04,  8.2153e-05,  1.3774e-04,  6.6061e-05,  3.7476e-04,\n",
    "          7.8293e-05,  2.4016e-05,  3.0025e-05, -1.7233e-04,  1.0004e-04,\n",
    "          1.0110e-04,  8.7321e-05,  3.4987e-05, -8.2508e-05,  9.5695e-05,\n",
    "         -1.3350e-04, -1.8079e-04,  7.1127e-04, -4.5440e-05, -9.1578e-06,\n",
    "          3.1280e-05,  2.6362e-05,  1.3795e-05,  4.1143e-05, -1.3815e-05],\n",
    "        [-4.0803e-04,  2.8291e-04,  1.8256e-04, -7.7225e-05,  1.7943e-04,\n",
    "         -6.5756e-06,  4.6339e-05,  9.7062e-05,  1.8156e-05, -2.6113e-05,\n",
    "         -1.9506e-05, -7.7589e-05,  4.4823e-05,  2.1649e-05, -2.5782e-05,\n",
    "          1.2436e-04, -9.8818e-05,  1.3752e-05, -1.2201e-04, -1.4916e-04,\n",
    "         -1.9886e-04,  2.6083e-05, -4.5440e-05,  7.8863e-04,  6.6444e-05,\n",
    "          9.9853e-05, -1.2077e-04,  1.8351e-05, -1.0878e-04, -1.1370e-04],\n",
    "        [-1.0346e-04,  2.4287e-05, -7.7940e-05, -6.2149e-05,  2.0591e-04,\n",
    "          2.5618e-04,  5.4566e-05,  3.1978e-05, -1.4131e-04, -2.3077e-05,\n",
    "         -3.5363e-05,  1.8274e-04,  1.9151e-04, -9.9415e-06,  5.0781e-05,\n",
    "          1.1735e-04, -1.4201e-04, -2.3666e-05,  7.0474e-05, -4.1150e-05,\n",
    "         -1.0698e-04,  6.8037e-06, -9.1578e-06,  6.6444e-05,  5.6380e-04,\n",
    "          3.2457e-05, -7.1602e-05, -8.9726e-05,  1.3818e-04, -2.3834e-05],\n",
    "        [-1.9164e-04,  8.8207e-05, -2.6611e-04,  1.2220e-04, -3.8041e-05,\n",
    "          2.6884e-05, -1.4040e-04,  1.6521e-04, -8.4744e-05, -3.2256e-05,\n",
    "          9.5313e-05, -6.4216e-05, -5.2779e-05, -5.5897e-05, -8.4989e-05,\n",
    "          8.2309e-05,  2.6980e-05, -1.1137e-04,  4.9899e-05,  4.4914e-05,\n",
    "          1.5196e-06, -2.7471e-06,  3.1280e-05,  9.9853e-05,  3.2457e-05,\n",
    "          4.3716e-04, -6.7272e-05,  8.8795e-05, -4.0982e-05, -6.6209e-05],\n",
    "        [ 2.2400e-05,  5.7268e-05,  1.0919e-04, -2.0977e-04, -1.0937e-05,\n",
    "         -2.6361e-04, -9.4219e-05, -9.6685e-05,  1.3983e-04,  1.5050e-04,\n",
    "         -9.3959e-05, -6.0204e-05,  1.0867e-04,  1.0374e-04, -4.2186e-05,\n",
    "         -7.2780e-05,  6.3191e-05, -8.4816e-05,  5.4234e-05, -1.0432e-04,\n",
    "         -1.9600e-04, -1.1697e-04,  2.6362e-05, -1.2077e-04, -7.1602e-05,\n",
    "         -6.7272e-05,  5.7533e-04, -6.4609e-05, -7.4319e-05,  4.1519e-05],\n",
    "        [-1.4592e-04,  2.8158e-04, -2.4626e-04, -1.4490e-04, -7.4152e-05,\n",
    "          1.7820e-04, -6.5105e-05, -1.2410e-04, -7.9034e-05, -1.0355e-04,\n",
    "          2.1150e-05, -2.3398e-05, -7.7746e-06, -7.6722e-05,  5.0141e-05,\n",
    "          4.5067e-05,  3.9237e-06,  5.0520e-05, -4.1319e-05,  1.2426e-04,\n",
    "         -2.1530e-05, -4.4276e-05,  1.3795e-05,  1.8351e-05, -8.9726e-05,\n",
    "          8.8795e-05, -6.4609e-05,  4.7198e-04,  7.2054e-05,  1.1840e-04],\n",
    "        [-2.7943e-04,  3.2243e-04, -1.4843e-04, -3.1480e-05,  6.8209e-06,\n",
    "          1.1572e-04, -1.1945e-04,  5.6945e-05, -1.5080e-04,  5.7888e-05,\n",
    "          8.3214e-05,  1.6880e-04,  7.9026e-05, -1.9630e-04,  1.5851e-05,\n",
    "          1.4120e-04, -1.8866e-04,  3.1084e-05,  1.3198e-04, -2.2397e-05,\n",
    "          1.6246e-04, -2.2798e-05,  4.1143e-05, -1.0878e-04,  1.3818e-04,\n",
    "         -4.0982e-05, -7.4319e-05,  7.2054e-05,  5.1045e-04,  3.8411e-05],\n",
    "        [-1.0879e-04,  1.1935e-04,  2.3434e-04, -1.8270e-04,  3.7587e-05,\n",
    "          2.7303e-06,  6.9303e-05, -4.3496e-05,  1.3835e-04, -2.5341e-05,\n",
    "          3.7878e-05, -4.1266e-05,  4.3799e-05, -3.6379e-05, -1.9026e-05,\n",
    "         -2.2834e-05,  4.2609e-05,  1.5391e-05, -1.2637e-04, -7.9737e-05,\n",
    "          3.7523e-06, -3.4303e-05, -1.3815e-05, -1.1370e-04, -2.3834e-05,\n",
    "         -6.6209e-05,  4.1519e-05,  1.1840e-04,  3.8411e-05,  4.7111e-04]])"
   ]
  },
  {
   "cell_type": "code",
   "execution_count": 12,
   "metadata": {},
   "outputs": [
    {
     "data": {
      "text/plain": [
       "array([[1.91879800e-01, 6.96907000e-02, 2.81458000e-02, 3.31245000e-02,\n",
       "        3.05689200e-02, 1.86792000e-03, 6.21725000e-03, 1.37964300e-02,\n",
       "        1.78966000e-02, 9.18999000e-04, 8.41716000e-03, 2.02221000e-02,\n",
       "        6.09181000e-03, 1.44751640e-02, 2.11241250e-02, 1.03422900e-02,\n",
       "        5.60910000e-03, 1.33783330e-02, 7.93391000e-03, 1.04316900e-02,\n",
       "        4.71149400e-03, 4.35776000e-03, 7.55493000e-04, 4.99873000e-03,\n",
       "        2.29934000e-03, 6.09414000e-03, 5.71820000e-03, 5.29332000e-03,\n",
       "        4.64990000e-04, 1.49609000e-03],\n",
       "       [6.96907000e-02, 9.70870000e-02, 1.21192000e-02, 1.36129000e-02,\n",
       "        1.40194000e-02, 8.65700000e-04, 5.81278500e-03, 8.02404000e-03,\n",
       "        1.12467700e-02, 1.85705000e-03, 4.06800000e-04, 1.12785400e-02,\n",
       "        4.93543700e-03, 7.42262000e-03, 1.11298200e-02, 5.54929000e-03,\n",
       "        3.38725000e-03, 9.41366000e-03, 7.92804000e-03, 5.72876000e-03,\n",
       "        4.37068000e-03, 3.41889700e-03, 1.27829700e-03, 4.46729000e-03,\n",
       "        6.88597000e-04, 4.85099300e-03, 5.27893200e-03, 3.67652000e-03,\n",
       "        1.75387000e-03, 9.61250000e-04],\n",
       "       [2.81458000e-02, 1.21192000e-02, 5.20681000e-02, 7.05120000e-03,\n",
       "        7.61155000e-03, 3.96836000e-03, 1.90731000e-03, 4.91476000e-03,\n",
       "        9.10760000e-03, 1.93041000e-03, 3.21407000e-03, 5.00274000e-03,\n",
       "        2.09621100e-03, 4.32737000e-03, 4.99496000e-03, 4.67560000e-03,\n",
       "        2.77553000e-03, 5.17531000e-03, 1.81357000e-03, 3.07913000e-03,\n",
       "        3.26371500e-03, 2.10610000e-03, 2.50436300e-03, 3.83824000e-03,\n",
       "        1.26614000e-03, 3.16951000e-03, 3.09911000e-03, 3.31006000e-03,\n",
       "        2.74983000e-03, 2.74086000e-03],\n",
       "       [3.31245000e-02, 1.36129000e-02, 7.05120000e-03, 5.07579000e-02,\n",
       "        6.57910000e-03, 1.70387000e-03, 3.45957500e-03, 5.67354000e-03,\n",
       "        7.27324000e-03, 1.30952000e-03, 4.80400000e-05, 6.35252000e-03,\n",
       "        3.28644000e-03, 5.55598000e-03, 6.29804800e-03, 4.03182000e-03,\n",
       "        4.04824500e-03, 4.89260000e-03, 4.09053000e-03, 4.67487000e-03,\n",
       "        3.10950000e-03, 3.35135900e-03, 2.60712000e-03, 2.24012500e-03,\n",
       "        1.64814900e-03, 3.15130000e-03, 3.15647000e-03, 3.61040000e-03,\n",
       "        2.60718000e-03, 2.62870000e-03],\n",
       "       [3.05689200e-02, 1.40194000e-02, 7.61155000e-03, 6.57910000e-03,\n",
       "        4.77285000e-02, 4.56120000e-04, 3.72111000e-03, 6.32056000e-03,\n",
       "        6.32416000e-03, 2.51865700e-03, 1.56473300e-03, 6.53809000e-03,\n",
       "        3.84603000e-03, 4.59949000e-03, 6.28367000e-03, 4.06146700e-03,\n",
       "        2.33187000e-03, 4.98735000e-03, 3.48499000e-03, 4.30120420e-03,\n",
       "        3.08555900e-03, 2.52926000e-03, 2.55051930e-03, 4.04187000e-03,\n",
       "        2.20449000e-03, 3.63914100e-03, 3.10883700e-03, 3.05385200e-03,\n",
       "        2.37027910e-03, 2.45741300e-03],\n",
       "       [1.86792000e-03, 8.65700000e-04, 3.96836000e-03, 1.70387000e-03,\n",
       "        4.56120000e-04, 4.84253000e-02, 2.62145000e-03, 3.28390000e-03,\n",
       "        1.05545900e-03, 2.99829000e-03, 4.45893000e-03, 2.05470000e-03,\n",
       "        2.65000000e-03, 2.82797000e-03, 2.20491000e-03, 2.73257000e-03,\n",
       "        2.82925000e-03, 2.98095000e-03, 2.59016000e-03, 3.58896000e-03,\n",
       "        3.30584000e-03, 1.87927000e-03, 2.94451000e-03, 2.53167560e-03,\n",
       "        3.31112000e-03, 2.99741600e-03, 2.23161000e-03, 2.98780000e-03,\n",
       "        3.06768000e-03, 2.89776970e-03],\n",
       "       [6.21725000e-03, 5.81278500e-03, 1.90731000e-03, 3.45957500e-03,\n",
       "        3.72111000e-03, 2.62145000e-03, 4.49797000e-02, 1.96676950e-03,\n",
       "        2.60086000e-03, 2.05510000e-03, 2.79517000e-03, 2.63257000e-03,\n",
       "        2.61502000e-03, 3.06685800e-03, 3.40078000e-03, 3.11843000e-03,\n",
       "        3.22977000e-03, 2.37582000e-03, 3.06448800e-03, 2.97709000e-03,\n",
       "        2.91353400e-03, 2.34518750e-03, 2.95554700e-03, 3.39676100e-03,\n",
       "        2.66343400e-03, 2.39110000e-03, 2.50591900e-03, 2.62130500e-03,\n",
       "        2.43885000e-03, 2.67809700e-03],\n",
       "       [1.37964300e-02, 8.02404000e-03, 4.91476000e-03, 5.67354000e-03,\n",
       "        6.32056000e-03, 3.28390000e-03, 1.96676950e-03, 4.43339000e-02,\n",
       "        3.09524100e-03, 2.53293000e-03, 2.89796000e-03, 3.97724000e-03,\n",
       "        3.63756300e-03, 3.32304700e-03, 3.11302000e-03, 3.08280500e-03,\n",
       "        2.29482700e-03, 4.30954300e-03, 2.94784000e-03, 3.58644900e-03,\n",
       "        3.07339000e-03, 2.46462000e-03, 3.08756000e-03, 3.27523800e-03,\n",
       "        2.36842200e-03, 3.18369000e-03, 2.90388500e-03, 3.19410000e-03,\n",
       "        3.07015500e-03, 2.64989600e-03],\n",
       "       [1.78966000e-02, 1.12467700e-02, 9.10760000e-03, 7.27324000e-03,\n",
       "        6.32416000e-03, 1.05545900e-03, 2.60086000e-03, 3.09524100e-03,\n",
       "        4.74729000e-02, 2.68066000e-03, 2.76334000e-03, 4.15717000e-03,\n",
       "        2.21685000e-03, 3.63912500e-03, 4.28078000e-03, 3.07125000e-03,\n",
       "        2.27342800e-03, 4.06713600e-03, 3.07652800e-03, 2.83926000e-03,\n",
       "        3.05400100e-03, 3.36883000e-03, 2.34653900e-03, 3.20804400e-03,\n",
       "        2.00131000e-03, 3.06204400e-03, 2.93897000e-03, 2.93083400e-03,\n",
       "        2.44200000e-03, 2.78665000e-03],\n",
       "       [9.18999000e-04, 1.85705000e-03, 1.93041000e-03, 1.30952000e-03,\n",
       "        2.51865700e-03, 2.99829000e-03, 2.05510000e-03, 2.53293000e-03,\n",
       "        2.68066000e-03, 4.33130000e-02, 1.49570000e-03, 3.25392000e-03,\n",
       "        3.58372000e-03, 3.31690100e-03, 2.68211000e-03, 2.57361000e-03,\n",
       "        2.43312000e-03, 2.30347000e-03, 2.71909000e-03, 3.11715500e-03,\n",
       "        3.15211200e-03, 3.26665000e-03, 3.09724000e-03, 2.36101300e-03,\n",
       "        2.90537700e-03, 2.39155600e-03, 2.90500000e-03, 2.29845000e-03,\n",
       "        3.02471200e-03, 3.00434100e-03],\n",
       "       [8.41716000e-03, 4.06800000e-04, 3.21407000e-03, 4.80400000e-05,\n",
       "        1.56473300e-03, 4.45893000e-03, 2.79517000e-03, 2.89796000e-03,\n",
       "        2.76334000e-03, 1.49570000e-03, 4.35480000e-02, 1.54425200e-03,\n",
       "        2.56001100e-03, 2.25126000e-03, 9.88690000e-04, 2.03318800e-03,\n",
       "        2.23943000e-03, 2.56651100e-03, 2.13978700e-03, 2.57796400e-03,\n",
       "        2.45508300e-03, 2.52234200e-03, 3.34530700e-03, 2.68830600e-03,\n",
       "        2.87656300e-03, 2.75138700e-03, 2.54765900e-03, 2.76365000e-03,\n",
       "        2.96948600e-03, 2.64402200e-03],\n",
       "       [2.02221000e-02, 1.12785400e-02, 5.00274000e-03, 6.35252000e-03,\n",
       "        6.53809000e-03, 2.05470000e-03, 2.63257000e-03, 3.97724000e-03,\n",
       "        4.15717000e-03, 3.25392000e-03, 1.54425200e-03, 4.33263000e-02,\n",
       "        3.35284000e-03, 3.73099000e-03, 4.58145200e-03, 3.47192400e-03,\n",
       "        2.71586700e-03, 4.03825500e-03, 3.27473000e-03, 3.38440000e-03,\n",
       "        2.53906000e-03, 2.97215200e-03, 2.76058400e-03, 3.36218900e-03,\n",
       "        2.63256000e-03, 3.38851600e-03, 2.94350400e-03, 2.96509800e-03,\n",
       "        2.73780000e-03, 2.59016600e-03],\n",
       "       [6.09181000e-03, 4.93543700e-03, 2.09621100e-03, 3.28644000e-03,\n",
       "        3.84603000e-03, 2.65000000e-03, 2.61502000e-03, 3.63756300e-03,\n",
       "        2.21685000e-03, 3.58372000e-03, 2.56001100e-03, 3.35284000e-03,\n",
       "        4.23001000e-02, 3.24034000e-03, 3.97711000e-03, 2.94625000e-03,\n",
       "        2.53313000e-03, 3.20811000e-03, 3.28923000e-03, 3.47664800e-03,\n",
       "        2.57753200e-03, 3.32085100e-03, 2.80127500e-03, 2.34917700e-03,\n",
       "        3.06149000e-03, 2.64097900e-03, 3.04833000e-03, 2.93747460e-03,\n",
       "        2.95527400e-03, 2.91340100e-03],\n",
       "       [1.44751640e-02, 7.42262000e-03, 4.32737000e-03, 5.55598000e-03,\n",
       "        4.59949000e-03, 2.82797000e-03, 3.06685800e-03, 3.32304700e-03,\n",
       "        3.63912500e-03, 3.31690100e-03, 2.25126000e-03, 3.73099000e-03,\n",
